> Primary
-33552459.2740560000 -23728303.0480150000 0.0000000000 -1828.9971793970 2534.1074695609 0.0000000000
0.0571252902397250000000 -0.0237273881030220000000 0.0000000000000000000000 0.0000000000000000000000 0.0000000000000000000000 0.0000000000000000000000
-0.0237273881030220000000 0.0728747097602750000000 0.0000000000000000000000 0.0000000000000000000000 0.0000000000000000000000 0.0000000000000000000000
0.0000000000000000000000 0.0000000000000000000000 0.0400000000000000000000 0.0000000000000000000000 0.0000000000000000000000 0.0000000000000000000000
0.0000000000000000000000 0.0000000000000000000000 0.0000000000000000000000 0.0000000100000000000000 0.0000000000000000000000 0.0000000000000000000000
0.0000000000000000000000 0.0000000000000000000000 0.0000000000000000000000 0.0000000000000000000000 0.0000000100000000000000 0.0000000000000000000000
0.0000000000000000000000 0.0000000000000000000000 0.0000000000000000000000 0.0000000000000000000000 0.0000000000000000000000 0.0000000100000000000000

> Secondary
-33547125.4859640000 -23734789.4461360000 -2.8340295187 -1829.5395947473 2533.7604928826 0.0003025433
0.0571350527281940000000 -0.0237306258748420000000 -0.0000000028335521063916 0.0000000000000000000000 0.0000000000000000000000 0.0000000000000000000000
-0.0237306258748420000000 0.0728649472718050000000 0.0000000039242344917333 0.0000000000000000000000 0.0000000000000000000000 0.0000000000000000000000
-0.0000000028335521063916 0.0000000039242344917333 0.0400000000000000000000 0.0000000000000000000000 0.0000000000000000000000 0.0000000000000000000000
0.0000000000000000000000 0.0000000000000000000000 0.0000000000000000000000 0.0000000100000000000000 0.0000000000000000000000 0.0000000000000000000000
0.0000000000000000000000 0.0000000000000000000000 0.0000000000000000000000 0.0000000000000000000000 0.0000000100000000000000 0.0000000000000000000000
0.0000000000000000000000 0.0000000000000000000000 0.0000000000000000000000 0.0000000000000000000000 0.0000000000000000000000 0.0000000100000000000000


> Primary_TCA
153446.7645602800 41874155.8695660000 0.0000000000 3066.8747609105 -11.3736149565 0.0000000000
6494.0796232671000000000000 -376.1385833452400000000000 0.0000000000000000000000 0.0159894841672130000000 -0.4942616773297700000000 0.0000000000000000000000
-376.1385833452400000000000 22.5594651948940000000000 0.0000000000000000000000 -0.0009883140442375300000 0.0285694605771430000000 0.0000000000000000000000
0.0000000000000000000000 0.0000000000000000000000 1.2050395223076000000000 0.0000000000000000000000 0.0000000000000000000000 -0.0000607087634449250000
0.0159894841672130000000 -0.0009883140442375300000 0.0000000000000000000000 0.0000000443727501925020 -0.0000012122341939459000 0.0000000000000000000000
-0.4942616773297700000000 0.0285694605771430000000 0.0000000000000000000000 -0.0000012122341939459000 0.0000376229760367290000 0.0000000000000000000000
0.0000000000000000000000 0.0000000000000000000000 -0.0000607087634449250000 0.0000000000000000000000 0.0000000000000000000000 0.0000000033903900107678

> Secondary_TCA
153447.2642029000 41874156.3699030000 4.9999660258 3066.8647607073 -11.3636148179 -0.0000013581
6494.2249318545000000000000 -376.1561166537300000000000 -0.0000449172919882650000 0.0159921727609040000000 -0.4942721017592600000000 -0.0000000590183593374380
-376.1561166537300000000000 22.5606458218830000000000 0.0000025501472714422000 -0.0009884645809796500000 0.0285707587266520000000 0.0000000034187295427319
-0.0000449172919882650000 0.0000025501472714422000 1.2046746471441000000000 -0.0000000001180334503685 0.0000000034189216426795 -0.0000607153456131910000
0.0159921727609040000000 -0.0009884645809796500000 -0.0000000001180334503685 0.0000000443830127867320 -0.0000012124371638594000 -0.0000000000001447705672
-0.4942721017592600000000 0.0285707587266520000000 0.0000000034189216426795 -0.0000012124371638594000 0.0000376237233528210000 0.0000000000044920403553
-0.0000000590183593374380 0.0000000034187295427319 -0.0000607153456131910000 -0.0000000000001447705672 0.0000000000044920403553 0.0000000033920803457708
